m u (30 30) (1887 2255) 0
m u (76 33) (1893 2252) 10
m u (76 33) (1899 2250) 10
m u (75 34) (1905 2247) 10
m u (75 34) (1911 2244) 10
m u (74 34) (1916 2242) 10
m u (74 34) (1922 2239) 10
m u (74 34) (1928 2236) 10
m u (74 35) (1934 2234) 10
m u (73 35) (1940 2231) 10
m u (73 35) (1945 2228) 10
m u (73 35) (1951 2225) 10
m u (72 35) (1957 2223) 10
m u (72 36) (1962 2220) 10
m u (72 36) (1968 2217) 10
m u (72 36) (1974 2214) 10
m u (71 36) (1979 2211) 10
m u (71 36) (1985 2208) 10
m u (71 37) (1990 2206) 10
m u (71 37) (1996 2203) 10
m u (70 37) (2001 2200) 10
m u (70 37) (2007 2197) 10
m u (70 37) (2012 2194) 10
m u (70 37) (2018 2191) 10
m u (69 38) (2023 2188) 10
m u (69 38) (2029 2185) 10
m u (69 38) (2034 2182) 10
m u (69 38) (2039 2179) 10
m u (69 38) (2045 2176) 10
m u (69 38) (2045 2176) 0
m d (3 3) (2045 2176) 10
l d (114 107) (2054 2184) 10
l d (114 106) (2063 2193) 10
l d (114 106) (2072 2201) 10
l d (114 106) (2081 2209) 10
l d (114 106) (2089 2218) 10
l d (114 105) (2098 2226) 10
l d (114 105) (2107 2234) 10
l d (114 105) (2116 2242) 10
l d (114 104) (2125 2250) 10
l d (114 104) (2134 2259) 10
l d (114 104) (2143 2267) 10
l d (114 103) (2152 2275) 10
l d (114 103) (2161 2283) 10
l d (114 103) (2170 2291) 10
l d (114 102) (2178 2299) 10
l d (114 102) (2187 2307) 10
l d (114 102) (2196 2315) 10
l d (114 101) (2205 2323) 10
l d (113 101) (2214 2331) 10
l d (113 101) (2223 2339) 10
l d (113 100) (2232 2347) 10
l d (113 100) (2241 2354) 10
l d (113 99) (2249 2362) 10
l d (113 99) (2258 2370) 10
l d (113 99) (2267 2378) 10
l d (113 98) (2276 2385) 10
l d (113 98) (2285 2393) 10
l d (113 97) (2294 2401) 10
l d (113 97) (2302 2408) 10
l d (113 96) (2311 2416) 10
l d (112 96) (2320 2423) 10
l d (112 95) (2329 2431) 10
l d (112 95) (2338 2438) 10
l d (112 95) (2339 2439) 1
l d (114 85) (2348 2446) 10
l d (114 84) (2357 2452) 10
l d (114 84) (2357 2452) 0
l d (107 30) (2365 2455) 10
l d (106 30) (2366 2455) 1
l d (11 94) (2367 2448) 10
l d (11 94) (2367 2447) 0
l d (51 123) (2363 2438) 10
l d (50 122) (2359 2430) 9
l d (67 123) (2354 2420) 10
l d (66 123) (2349 2410) 10
l d (66 122) (2344 2401) 10
l d (66 122) (2343 2399) 2
l d (86 118) (2336 2390) 10
l d (86 118) (2329 2381) 10
l d (85 118) (2323 2371) 10
l d (85 118) (2322 2370) 1
l d (100 108) (2314 2361) 10
l d (100 108) (2306 2353) 10
l d (100 108) (2298 2345) 10
l d (100 108) (2296 2342) 3
l d (109 95) (2287 2335) 10
l d (109 95) (2279 2327) 10
l d (109 96) (2270 2320) 10
l d (109 96) (2265 2315) 6
l d (111 91) (2256 2308) 10
l d (111 91) (2247 2301) 10
l d (112 92) (2239 2293) 10
l d (112 92) (2230 2286) 10
l d (112 92) (2221 2279) 10
l d (112 93) (2212 2272) 10
l d (112 93) (2204 2264) 10
l d (112 94) (2195 2257) 10
l d (112 94) (2186 2250) 10
l d (112 94) (2177 2242) 10
l d (112 95) (2169 2235) 10
l d (112 95) (2160 2228) 10
l d (112 96) (2151 2220) 10
l d (112 96) (2142 2213) 10
l d (112 96) (2134 2205) 10
l d (113 97) (2125 2198) 10
l d (113 97) (2118 2192) 7
l d (103 16) (2127 2193) 10
l d (103 15) (2135 2195) 10
l d (102 14) (2143 2196) 10
l d (102 14) (2151 2197) 10
l d (102 13) (2159 2198) 10
l d (101 13) (2166 2199) 10
l d (101 12) (2168 2199) 2
l d (105 22) (2177 2201) 10
l d (104 21) (2185 2203) 10
l d (104 20) (2193 2204) 10
l d (103 20) (2201 2206) 10
l d (103 19) (2209 2207) 10
l d (103 19) (2217 2209) 10
l d (102 18) (2222 2210) 6
l d (105 26) (2231 2212) 10
l d (105 25) (2239 2214) 10
l d (104 25) (2247 2216) 10
l d (104 24) (2255 2218) 10
l d (103 24) (2263 2220) 10
l d (103 23) (2271 2221) 10
l d (103 22) (2279 2223) 10
l d (103 22) (2280 2223) 1
l d (105 29) (2288 2226) 10
l d (104 28) (2296 2228) 10
l d (104 28) (2305 2230) 10
l d (103 27) (2313 2232) 10
l d (103 27) (2321 2234) 10
l d (103 26) (2329 2236) 10
l d (102 25) (2337 2238) 10
l d (102 25) (2341 2240) 6
l d (104 31) (2350 2242) 10
l d (103 30) (2358 2244) 10
l d (103 29) (2366 2247) 10
l d (103 29) (2374 2249) 10
l d (102 28) (2382 2251) 10
l d (102 28) (2390 2253) 10
l d (102 27) (2398 2256) 10
l d (101 27) (2406 2258) 10
l d (101 26) (2406 2258) 1
l d (102 31) (2414 2260) 10
l d (102 31) (2422 2263) 10
l d (102 30) (2430 2265) 10
l d (101 29) (2438 2268) 10
l d (101 29) (2446 2270) 10
l d (101 28) (2454 2272) 10
l d (101 28) (2462 2274) 10
l d (100 27) (2470 2276) 10
l d (100 27) (2475 2278) 6
l d (101 33) (2483 2280) 10
l d (101 32) (2491 2283) 10
l d (101 32) (2499 2285) 10
l d (100 31) (2506 2288) 10
l d (100 31) (2514 2290) 10
l d (100 30) (2522 2293) 10
l d (100 30) (2530 2295) 10
l d (99 29) (2538 2297) 10
l d (99 29) (2545 2300) 10
l d (99 28) (2553 2302) 10
l d (99 27) (2561 2304) 10
l d (99 27) (2569 2306) 10
l d (98 26) (2576 2308) 10
l d (98 26) (2584 2310) 10
l d (98 25) (2592 2312) 10
l d (98 25) (2599 2314) 10
l d (98 24) (2607 2316) 10
l d (97 24) (2615 2318) 10
l d (97 23) (2622 2320) 9
l d (90 2) (2629 2320) 10
l d (90 2) (2635 2320) 8
l d (57 102) (2630 2312) 10
l d (56 102) (2626 2304) 10
l d (56 102) (2624 2301) 4
l d (95 64) (2617 2296) 10
l d (95 64) (2610 2291) 8
l d (98 51) (2603 2287) 10
l d (98 52) (2595 2283) 10
l d (98 52) (2587 2279) 10
l d (98 53) (2580 2275) 10
l d (98 53) (2572 2271) 10
l d (98 53) (2571 2271) 1
l d (99 46) (2564 2267) 10
l d (99 46) (2556 2264) 10
l d (99 47) (2548 2260) 10
l d (100 47) (2540 2256) 10
l d (100 48) (2532 2252) 10
l d (100 48) (2530 2251) 3
l d (100 41) (2522 2248) 10
l d (100 41) (2515 2245) 10
l d (100 42) (2507 2242) 10
l d (101 42) (2499 2238) 10
l d (101 43) (2491 2235) 10
l d (101 43) (2487 2233) 5
l d (101 37) (2479 2230) 10
l d (101 37) (2471 2228) 10
l d (101 38) (2463 2225) 10
l d (101 38) (2455 2222) 10
l d (102 39) (2447 2219) 10
l d (102 39) (2441 2216) 8
l d (101 30) (2433 2214) 10
l d (101 31) (2425 2211) 10
l d (101 31) (2417 2209) 10
l d (102 32) (2409 2206) 10
l d (102 32) (2401 2204) 10
l d (102 33) (2393 2201) 10
l d (102 33) (2385 2199) 10
l d (103 34) (2377 2196) 10
l d (103 35) (2369 2193) 10
l d (103 35) (2361 2191) 10
l d (104 36) (2353 2188) 10
l d (104 36) (2345 2185) 10
l d (104 37) (2340 2184) 5
l d (102 26) (2333 2182) 10
l d (102 27) (2325 2180) 10
l d (103 27) (2317 2177) 10
l d (103 28) (2308 2175) 10
l d (103 28) (2300 2173) 10
l d (104 29) (2292 2171) 10
l d (104 29) (2284 2169) 10
l d (104 30) (2276 2166) 10
l d (105 31) (2268 2164) 10
l d (105 31) (2260 2161) 10
l d (105 32) (2252 2159) 10
l d (106 32) (2243 2157) 10
l d (106 33) (2235 2154) 10
l d (106 33) (2228 2152) 9
l d (105 29) (2219 2149) 10
l d (106 30) (2211 2147) 10
l d (106 30) (2203 2145) 10
l d (106 31) (2194 2142) 10
l d (107 32) (2186 2140) 10
l d (107 32) (2185 2139) 2
l d (105 26) (2176 2137) 10
l d (106 27) (2168 2135) 10
l d (106 27) (2160 2133) 10
l d (107 28) (2151 2131) 10
l d (107 29) (2143 2129) 10
l d (108 29) (2135 2126) 10
l d (108 30) (2126 2124) 10
l d (108 30) (2118 2122) 10
l d (109 31) (2109 2119) 10
l d (109 32) (2101 2117) 10
l d (110 32) (2099 2116) 2
l d (59 48) (2103 2112) 10
l d (59 49) (2108 2109) 10
l d (59 49) (2113 2105) 10
l d (59 49) (2117 2101) 10
l d (59 49) (2122 2097) 10
l d (59 49) (2127 2093) 10
l d (59 49) (2131 2090) 10
l d (59 49) (2136 2086) 10
l d (59 49) (2140 2082) 10
l d (67 40) (2146 2079) 10
l d (67 40) (2151 2076) 10
l d (67 41) (2156 2073) 10
l d (67 41) (2161 2069) 10
l d (67 41) (2166 2066) 10
l d (66 41) (2172 2063) 10
l d (66 41) (2172 2063) 0
l d (38 70) (2175 2057) 10
l d (38 70) (2178 2052) 10
l d (38 69) (2181 2047) 10
l d (19 83) (2182 2040) 10
l d (20 83) (2184 2034) 10
l d (20 83) (2185 2027) 10
l d (20 83) (2187 2021) 10
l d (21 82) (2188 2014) 10
l d (21 82) (2189 2012) 4
l d (14 100) (2188 2004) 10
l d (14 100) (2188 2001) 3
l d (48 106) (2184 1993) 10
l d (48 106) (2184 1992) 1
l d (84 96) (2177 1985) 10
l d (84 96) (2177 1985) 0
l d (103 70) (2169 1979) 10
l d (103 70) (2167 1978) 1
l d (91 5) (2160 1979) 10
l d (92 5) (2156 1979) 6
l d (74 32) (2150 1982) 10
l d (74 32) (2144 1984) 10
l d (75 31) (2138 1986) 10
l d (64 44) (2133 1990) 10
l d (64 44) (2128 1993) 10
l d (64 44) (2123 1997) 10
l d (64 44) (2118 2000) 10
l d (64 44) (2113 2004) 10
l d (64 43) (2108 2007) 10
l d (65 43) (2103 2010) 10
l d (65 43) (2098 2014) 10
l d (65 43) (2093 2017) 10
l d (65 43) (2088 2021) 10
l d (65 43) (2087 2021) 1
l d (60 48) (2082 2025) 10
l d (60 48) (2078 2029) 10
l d (60 48) (2073 2032) 10
l d (60 48) (2068 2036) 10
l d (60 48) (2064 2040) 10
l d (60 48) (2059 2043) 10
l d (60 47) (2054 2047) 10
l d (61 47) (2049 2051) 10
l d (61 47) (2045 2055) 10
l d (61 47) (2040 2058) 10
l d (61 47) (2035 2062) 10
l d (61 47) (2030 2066) 10
l d (61 47) (2030 2066) 0
l d (32 110) (2028 2057) 10
l d (31 110) (2025 2049) 10
l d (31 109) (2023 2040) 10
l d (30 109) (2020 2031) 10
l d (29 108) (2018 2023) 10
l d (29 108) (2016 2015) 10
l d (28 107) (2014 2006) 10
l d (28 107) (2011 1998) 10
l d (27 106) (2009 1989) 10
l d (26 106) (2007 1981) 10
l d (26 106) (2005 1973) 10
l d (25 105) (2003 1965) 10
l d (25 105) (2001 1956) 10
l d (24 104) (1999 1948) 10
l d (23 104) (1997 1940) 10
l d (23 104) (1996 1932) 10
l d (22 103) (1994 1924) 10
l d (22 103) (1992 1916) 10
l d (21 102) (1990 1908) 10
l d (20 102) (1989 1900) 10
l d (20 102) (1988 1896) 4
l d (25 103) (1986 1888) 10
l d (24 103) (1984 1880) 10
l d (23 102) (1982 1872) 10
l d (23 102) (1981 1864) 10
l d (22 102) (1979 1856) 10
l d (22 101) (1977 1848) 10
l d (21 101) (1975 1840) 10
l d (21 101) (1974 1832) 10
l d (20 100) (1972 1824) 10
l d (20 100) (1971 1817) 10
l d (19 100) (1969 1809) 10
l d (19 100) (1968 1801) 10
l d (18 99) (1966 1793) 10
l d (17 99) (1965 1785) 10
l d (17 99) (1963 1778) 10
l d (17 98) (1962 1772) 7
l d (25 101) (1960 1764) 10
l d (24 100) (1958 1756) 10
l d (24 100) (1957 1749) 10
l d (23 100) (1955 1741) 10
l d (23 100) (1953 1733) 10
l d (22 99) (1951 1725) 10
l d (22 99) (1949 1717) 10
l d (21 99) (1948 1710) 10
l d (21 99) (1946 1702) 10
l d (20 98) (1944 1694) 10
l d (20 98) (1943 1687) 10
l d (20 98) (1943 1687) 0
l d (33 100) (1940 1679) 10
l d (32 100) (1938 1671) 10
l d (32 100) (1935 1663) 10
l d (31 100) (1933 1657) 8
l d (48 100) (1930 1649) 10
l d (47 100) (1926 1641) 10
l d (47 100) (1923 1635) 7
l d (78 91) (1917 1628) 10
l d (77 91) (1911 1621) 10
l d (77 91) (1905 1614) 10
l d (77 91) (1899 1607) 10
l d (77 91) (1893 1600) 10
l d (76 91) (1887 1593) 10
l d (76 91) (1881 1585) 10
l d (76 91) (1875 1578) 10
l d (75 92) (1869 1571) 10
l d (75 92) (1863 1564) 10
l d (75 92) (1857 1557) 10
l d (74 92) (1852 1550) 10
l d (74 92) (1847 1544) 7
l d (82 87) (1841 1538) 10
l d (82 87) (1834 1531) 10
l d (81 87) (1828 1524) 10
l d (81 87) (1822 1517) 10
l d (81 87) (1815 1510) 10
l d (81 87) (1809 1504) 10
l d (80 87) (1803 1497) 10
l d (80 87) (1796 1490) 10
l d (80 87) (1790 1483) 10
l d (79 88) (1784 1476) 10
l d (79 88) (1778 1469) 10
l d (79 88) (1772 1463) 10
l d (79 88) (1771 1462) 1
l d (82 85) (1765 1455) 10
l d (82 85) (1758 1449) 10
l d (82 85) (1755 1446) 4
l d (102 58) (1747 1441) 10
l d (102 58) (1746 1441) 1
l d (46 65) (1743 1446) 10
l d (46 65) (1743 1446) 0
l d (22 97) (1745 1453) 10
l d (22 97) (1746 1460) 8
l d (37 99) (1749 1467) 10
l d (37 99) (1752 1475) 10
l d (38 99) (1755 1483) 10
l d (38 99) (1758 1491) 10
l d (39 99) (1761 1498) 10
l d (39 99) (1764 1506) 10
l d (40 100) (1767 1514) 10
l d (40 100) (1770 1522) 10
l d (41 100) (1773 1530) 10
l d (42 100) (1776 1537) 10
l d (42 100) (1780 1545) 10
l d (43 100) (1783 1553) 10
l d (43 101) (1786 1561) 10
l d (44 101) (1790 1569) 10
l d (44 101) (1793 1577) 10
l d (45 101) (1797 1585) 10
l d (45 101) (1800 1593) 10
l d (46 102) (1804 1600) 10
l d (46 102) (1807 1608) 10
l d (47 102) (1811 1616) 10
l d (48 102) (1815 1624) 10
l d (48 102) (1819 1632) 10
l d (49 103) (1822 1640) 10
l d (49 103) (1826 1648) 10
l d (50 103) (1830 1657) 10
l d (50 103) (1834 1665) 10
l d (51 104) (1838 1673) 10
l d (51 104) (1842 1681) 10
l d (52 104) (1846 1689) 10
l d (53 104) (1850 1697) 10
l d (53 104) (1854 1705) 10
l d (54 105) (1858 1713) 10
l d (54 105) (1863 1722) 10
l d (55 105) (1867 1730) 10
l d (55 105) (1871 1738) 10
l d (41 105) (1874 1746) 10
l d (42 105) (1878 1754) 10
l d (42 105) (1881 1762) 10
l d (43 105) (1884 1771) 10
l d (43 106) (1888 1779) 10
l d (44 106) (1891 1787) 10
l d (44 106) (1894 1794) 8
l d (37 105) (1897 1802) 10
l d (38 106) (1900 1811) 10
l d (38 106) (1903 1819) 10
l d (39 106) (1906 1827) 10
l d (40 107) (1909 1836) 10
l d (40 107) (1912 1844) 10
l d (41 107) (1915 1852) 10
l d (41 108) (1918 1861) 10
l d (42 108) (1921 1869) 9
l d (38 107) (1924 1877) 10
l d (38 108) (1927 1886) 10
l d (39 108) (1930 1894) 10
l d (39 109) (1933 1903) 10
l d (40 109) (1937 1911) 10
l d (41 109) (1940 1920) 10
l d (41 110) (1943 1928) 10
l d (42 110) (1946 1937) 10
l d (43 110) (1950 1945) 10
l d (43 111) (1953 1954) 10
l d (44 111) (1956 1963) 10
l d (44 111) (1957 1963) 1
l d (41 111) (1960 1972) 10
l d (42 111) (1963 1981) 10
l d (43 112) (1966 1989) 10
l d (43 112) (1970 1998) 10
l d (44 113) (1973 2007) 10
l d (44 113) (1977 2016) 10
l d (45 114) (1980 2025) 10
l d (46 114) (1984 2034) 10
l d (46 115) (1987 2042) 10
l d (47 115) (1991 2051) 10
l d (48 115) (1995 2060) 10
l d (48 116) (1998 2070) 10
l d (49 116) (2002 2079) 10
l d (49 117) (2003 2081) 2
l d (75 31) (1997 2083) 10
l d (75 31) (1997 2083) 1
l d (112 103) (1988 2075) 10
l d (112 103) (1979 2067) 10
l d (112 103) (1970 2059) 10
l d (111 103) (1962 2051) 10
l d (111 103) (1953 2043) 10
l d (111 104) (1944 2035) 10
l d (111 104) (1936 2027) 10
l d (111 104) (1927 2019) 10
l d (111 104) (1918 2010) 10
l d (111 104) (1910 2002) 10
l d (111 105) (1901 1994) 10
l d (111 105) (1892 1986) 10
l d (110 105) (1884 1978) 10
l d (110 105) (1878 1972) 6
l d (107 108) (1870 1964) 10
l d (107 108) (1861 1956) 10
l d (107 108) (1853 1947) 10
l d (107 108) (1845 1939) 10
l d (106 108) (1836 1930) 10
l d (106 108) (1828 1922) 10
l d (106 108) (1820 1913) 10
l d (105 108) (1811 1905) 10
l d (105 108) (1803 1896) 10
l d (105 108) (1795 1888) 10
l d (105 108) (1787 1879) 10
l d (104 108) (1779 1871) 10
l d (104 108) (1770 1863) 10
l d (104 108) (1762 1854) 10
l d (103 108) (1754 1846) 10
l d (103 108) (1746 1837) 10
l d (103 108) (1738 1829) 10
l d (102 108) (1730 1820) 10
l d (102 108) (1722 1812) 10
l d (102 108) (1714 1803) 10
l d (102 108) (1712 1801) 2
l d (102 108) (1704 1793) 10
l d (101 108) (1698 1786) 8
l d (125 65) (1688 1781) 10
l d (126 66) (1678 1775) 10
l d (126 66) (1677 1775) 1
l d (68 42) (1672 1778) 10
l d (68 42) (1671 1778) 0
l d (20 82) (1670 1785) 10
l d (19 82) (1670 1786) 1
l d (29 107) (1672 1794) 10
l d (30 107) (1674 1802) 10
l d (31 108) (1677 1811) 10
l d (31 108) (1677 1813) 2
l d (62 116) (1682 1822) 10
l d (62 117) (1687 1831) 10
l d (63 117) (1692 1840) 10
l d (64 117) (1695 1846) 6
l d (90 118) (1702 1855) 10
l d (90 118) (1709 1864) 10
l d (91 119) (1716 1873) 10
l d (91 119) (1723 1883) 10
l d (91 119) (1723 1883) 0
l d (107 114) (1732 1892) 10
l d (108 114) (1740 1901) 10
l d (108 114) (1748 1910) 10
l d (108 114) (1757 1919) 10
l d (108 114) (1763 1925) 7
l d (117 108) (1772 1933) 10
l d (117 107) (1781 1942) 10
l d (117 107) (1790 1950) 10
l d (118 107) (1799 1958) 10
l d (118 107) (1808 1967) 10
l d (118 107) (1812 1970) 4
l d (118 107) (1822 1979) 10
l d (118 106) (1831 1987) 10
l d (118 106) (1840 1995) 10
l d (118 106) (1849 2004) 10
l d (118 106) (1859 2012) 10
l d (118 106) (1868 2020) 10
l d (118 105) (1877 2028) 10
l d (118 105) (1886 2037) 10
l d (118 105) (1896 2045) 10
l d (118 105) (1905 2053) 10
l d (118 104) (1914 2061) 10
l d (118 104) (1923 2069) 10
l d (118 104) (1932 2077) 10
l d (118 103) (1942 2086) 10
l d (118 103) (1951 2094) 10
l d (118 103) (1951 2094) 0
l d (72 36) (1945 2097) 10
l d (72 35) (1940 2099) 10
l d (72 35) (1934 2102) 10
l d (72 35) (1929 2105) 10
l d (73 35) (1923 2108) 10
l d (73 35) (1917 2110) 10
l d (73 35) (1915 2111) 3
l d (102 3) (1907 2111) 10
l d (102 4) (1899 2111) 10
l d (103 5) (1891 2110) 10
l d (104 5) (1883 2110) 10
l d (104 5) (1879 2110) 5
l d (88 17) (1873 2111) 10
l d (89 16) (1868 2112) 7
l d (6 102) (1868 2120) 10
l d (6 102) (1868 2128) 10
l d (6 103) (1869 2130) 2
l d (63 128) (1873 2140) 10
l d (64 129) (1878 2150) 10
l d (65 130) (1883 2160) 10
l d (66 131) (1889 2170) 10
l d (66 131) (1892 2176) 6
l d (84 135) (1898 2187) 10
l d (85 135) (1905 2197) 10
l d (86 136) (1911 2208) 10
l d (87 136) (1918 2218) 10
l d (87 137) (1923 2226) 7
l d (100 137) (1931 2237) 10
l d (100 138) (1939 2248) 10
l d (101 138) (1944 2254) 6
l d (132 118) (1954 2264) 10
l d (131 118) (1964 2273) 10
l d (131 118) (1968 2276) 4
l d (132 67) (1979 2282) 10
l d (131 66) (1986 2286) 7
l d (49 61) (1990 2281) 10
l d (49 61) (1993 2276) 9
l d (3 103) (1993 2268) 10
l d (2 102) (1993 2260) 10
l d (2 102) (1993 2252) 10
l d (2 102) (1993 2252) 0
l d (24 82) (1995 2246) 10
l d (24 82) (1997 2239) 10
l d (25 81) (1998 2233) 10
l d (25 81) (2000 2227) 10
l d (40 68) (2004 2221) 10
l d (40 68) (2007 2216) 10
l d (40 68) (2010 2211) 10
l d (40 68) (2013 2205) 10
l d (40 67) (2016 2200) 10
l d (40 67) (2016 2200) 0
l d (50 59) (2020 2195) 10
l d (50 59) (2024 2191) 10
l d (50 59) (2028 2186) 10
l d (50 59) (2032 2182) 10
l d (50 58) (2036 2177) 10
l d (50 58) (2039 2173) 10
l d (50 58) (2040 2172) 1
l d (114 107) (2049 2181) 10
l d (114 106) (2058 2189) 10
l d (114 106) (2066 2197) 10
l d (114 106) (2075 2205) 10
l d (114 106) (2084 2214) 10
l d (114 105) (2093 2222) 10
l d (114 105) (2102 2230) 10
l d (114 105) (2111 2238) 10
l d (114 104) (2120 2247) 10
l d (114 104) (2129 2255) 10
l d (114 104) (2138 2263) 10
l d (114 104) (2147 2271) 10
l d (114 103) (2156 2279) 10
l d (114 103) (2164 2287) 10
l d (114 102) (2173 2295) 10
l d (114 102) (2182 2303) 10
l d (114 102) (2191 2311) 10
l d (114 101) (2200 2319) 10
l d (114 101) (2209 2327) 10
l d (114 101) (2218 2335) 10
l d (114 100) (2227 2343) 10
l d (113 100) (2236 2351) 10
l d (113 99) (2244 2358) 10
l d (113 99) (2253 2366) 10
l d (113 99) (2262 2374) 10
l d (113 98) (2271 2382) 10
l d (113 98) (2280 2389) 10
l d (113 97) (2289 2397) 10
l d (113 97) (2298 2404) 10
l d (113 96) (2306 2412) 10
l d (113 96) (2315 2420) 10
l d (113 95) (2324 2427) 10
l d (112 95) (2324 2427) 0
m u (3 3) (2324 2427) 10
m u (3 3) (2324 2427) 10
m u (13 109) (2323 2419) 10
m u (12 108) (2322 2410) 10
m u (12 108) (2321 2402) 10
m u (11 107) (2321 2393) 10
m u (10 107) (2320 2385) 10
m u (10 106) (2319 2377) 10
m u (9 106) (2318 2369) 10
m u (9 105) (2317 2360) 10
m u (8 104) (2317 2352) 10
m u (8 104) (2316 2344) 10
m u (7 103) (2316 2336) 10
m u (7 103) (2315 2328) 10
m u (6 102) (2314 2320) 10
m u (6 102) (2314 2312) 10
m u (5 102) (2314 2304) 10
m u (5 101) (2313 2296) 10
m u (4 101) (2313 2288) 10
m u (4 100) (2312 2280) 10
m u (3 100) (2312 2272) 10
m u (3 99) (2312 2265) 10
m u (2 99) (2312 2257) 10
m u (2 98) (2312 2249) 10
m u (3 98) (2311 2241) 10
m u (3 98) (2311 2234) 10
m u (3 97) (2311 2226) 10
m u (3 97) (2311 2219) 10
m u (3 96) (2311 2211) 10
m u (3 96) (2311 2203) 10
m u (3 96) (2311 2196) 10
m u (2 95) (2311 2188) 10
m u (2 95) (2312 2181) 10
m u (2 95) (2312 2174) 10
m u (3 94) (2312 2166) 10
m u (3 94) (2312 2159) 10
m u (4 94) (2313 2152) 10
m u (4 93) (2313 2144) 10
m u (5 93) (2313 2137) 10
m u (5 93) (2314 2130) 10
m u (5 92) (2314 2122) 10
m u (6 92) (2315 2115) 10
m u (6 92) (2315 2108) 10
m u (7 91) (2316 2101) 10
m u (7 91) (2316 2094) 10
m u (8 91) (2317 2087) 10
m u (8 91) (2317 2079) 10
m u (8 90) (2318 2072) 10
m u (9 90) (2319 2065) 10
m u (9 90) (2319 2058) 10
m u (10 90) (2320 2051) 10
m u (10 89) (2321 2044) 10
m u (10 89) (2322 2037) 10
m u (11 89) (2322 2030) 10
m u (11 89) (2323 2023) 10
m u (11 88) (2324 2016) 10
m u (12 88) (2325 2010) 10
m u (12 88) (2326 2003) 10
m u (13 88) (2327 1996) 10
m u (13 88) (2328 1989) 10
m u (13 87) (2329 1982) 10
m u (14 87) (2330 1975) 10
m u (14 87) (2331 1968) 10
m u (14 87) (2332 1962) 10
m u (15 87) (2334 1955) 10
m u (15 86) (2335 1948) 10
m u (15 86) (2336 1941) 10
m u (16 86) (2337 1935) 10
m u (16 86) (2338 1928) 10
m u (17 86) (2340 1921) 10
m u (17 86) (2341 1914) 10
m u (17 86) (2342 1908) 10
m u (18 85) (2344 1901) 10
m u (18 85) (2345 1894) 10
m u (18 85) (2347 1888) 10
m u (19 85) (2348 1881) 10
m u (19 85) (2350 1874) 10
m u (19 85) (2350 1872) 4
m d (3 3) (2350 1872) 10
l d (83 74) (2357 1878) 10
l d (83 74) (2363 1883) 10
l d (83 73) (2370 1889) 10
l d (84 73) (2376 1895) 10
l d (84 73) (2383 1901) 10
l d (84 73) (2389 1906) 10
l d (84 73) (2396 1912) 10
l d (84 72) (2402 1918) 10
l d (84 72) (2409 1923) 10
l d (84 72) (2416 1929) 10
l d (84 72) (2422 1934) 10
l d (84 71) (2429 1940) 10
l d (85 71) (2435 1946) 10
l d (85 71) (2442 1951) 10
l d (85 70) (2449 1957) 10
l d (85 70) (2455 1962) 10
l d (85 70) (2462 1968) 10
l d (85 70) (2469 1973) 10
l d (85 69) (2475 1979) 10
l d (85 69) (2482 1984) 10
l d (85 69) (2489 1989) 10
l d (85 69) (2495 1995) 10
l d (85 68) (2502 2000) 10
l d (85 68) (2509 2005) 10
l d (86 68) (2515 2011) 10
l d (86 67) (2522 2016) 10
l d (86 67) (2529 2021) 10
l d (86 67) (2535 2027) 10
l d (86 67) (2542 2032) 10
l d (86 66) (2549 2037) 10
l d (86 66) (2556 2042) 10
l d (86 66) (2562 2047) 10
l d (86 65) (2569 2052) 10
l d (86 65) (2576 2058) 10
l d (86 65) (2582 2063) 10
l d (86 64) (2589 2068) 10
l d (86 64) (2596 2073) 10
l d (86 64) (2603 2078) 10
l d (86 63) (2610 2083) 10
l d (87 63) (2616 2088) 10
l d (87 63) (2623 2093) 10
l d (87 62) (2630 2097) 10
l d (87 62) (2637 2102) 10
l d (87 62) (2643 2107) 10
l d (87 61) (2650 2112) 10
l d (87 61) (2657 2117) 10
l d (87 61) (2664 2122) 10
l d (87 60) (2671 2126) 10
l d (87 60) (2677 2131) 10
l d (87 60) (2684 2136) 10
l d (87 59) (2691 2140) 10
l d (87 59) (2698 2145) 10
l d (87 59) (2705 2150) 10
l d (87 58) (2711 2154) 10
l d (87 58) (2718 2159) 10
l d (87 58) (2725 2163) 10
l d (87 57) (2732 2168) 10
l d (87 57) (2739 2172) 10
l d (87 57) (2746 2177) 10
l d (87 56) (2752 2181) 10
l d (87 56) (2759 2186) 10
l d (87 56) (2764 2189) 7
l d (90 48) (2771 2193) 10
l d (90 48) (2775 2195) 5
l d (66 51) (2780 2191) 10
l d (66 51) (2785 2188) 8
l d (11 96) (2784 2180) 10
l d (10 96) (2783 2174) 7
l d (39 94) (2780 2167) 10
l d (39 94) (2777 2160) 10
l d (38 94) (2774 2152) 10
l d (38 94) (2772 2148) 6
l d (57 87) (2768 2141) 10
l d (57 87) (2763 2134) 10
l d (56 87) (2759 2127) 10
l d (56 87) (2757 2125) 4
l d (73 74) (2751 2119) 10
l d (73 74) (2746 2113) 10
l d (73 74) (2740 2107) 10
l d (73 74) (2738 2105) 3
l d (85 58) (2731 2101) 10
l d (85 58) (2725 2096) 10
l d (85 58) (2718 2092) 10
l d (85 59) (2714 2089) 5
l d (89 48) (2707 2085) 10
l d (89 49) (2700 2082) 10
l d (89 49) (2693 2078) 10
l d (89 49) (2686 2074) 10
l d (89 50) (2679 2070) 10
l d (89 50) (2672 2066) 10
l d (89 50) (2666 2062) 10
l d (89 51) (2659 2058) 10
l d (89 51) (2652 2054) 10
l d (89 51) (2645 2050) 10
l d (89 52) (2638 2046) 10
l d (89 52) (2631 2042) 10
l d (89 53) (2624 2038) 9
l d (88 56) (2617 2034) 10
l d (88 57) (2610 2029) 10
l d (88 57) (2603 2025) 10
l d (88 57) (2597 2021) 10
l d (88 58) (2590 2016) 10
l d (88 58) (2583 2012) 10
l d (88 58) (2576 2007) 10
l d (87 59) (2569 2002) 10
l d (87 59) (2562 1998) 10
l d (87 59) (2556 1993) 10
l d (87 60) (2549 1988) 10
l d (87 60) (2542 1984) 10
l d (87 60) (2536 1980) 8
l d (85 64) (2530 1975) 10
l d (85 64) (2523 1970) 10
l d (85 64) (2516 1965) 10
l d (85 65) (2509 1960) 10
l d (85 65) (2503 1955) 10
l d (85 65) (2496 1950) 10
l d (85 66) (2489 1945) 10
l d (85 66) (2483 1939) 10
l d (85 66) (2476 1934) 10
l d (85 66) (2470 1929) 10
l d (85 67) (2463 1924) 10
l d (85 67) (2456 1919) 10
l d (85 67) (2451 1915) 7
l d (82 70) (2445 1909) 10
l d (82 71) (2438 1904) 10
l d (82 71) (2432 1898) 10
l d (82 71) (2426 1893) 10
l d (82 71) (2419 1887) 10
l d (82 72) (2413 1881) 10
l d (82 72) (2406 1876) 10
l d (82 72) (2400 1870) 10
l d (81 72) (2394 1864) 10
l d (81 73) (2387 1859) 10
l d (81 73) (2381 1853) 10
l d (81 73) (2375 1847) 10
l d (81 73) (2370 1843) 7
l d (76 78) (2364 1837) 10
l d (76 78) (2363 1837) 1
l d (49 66) (2367 1831) 10
l d (49 66) (2371 1826) 10
l d (49 66) (2375 1821) 10
l d (50 66) (2379 1816) 10
l d (50 66) (2383 1811) 10
l d (50 66) (2387 1806) 10
l d (50 66) (2391 1801) 10
l d (50 66) (2394 1795) 10
l d (50 66) (2397 1792) 7
l d (58 59) (2402 1787) 10
l d (58 59) (2406 1783) 10
l d (58 59) (2411 1778) 10
l d (59 59) (2415 1773) 10
l d (59 60) (2420 1769) 10
l d (59 60) (2425 1764) 10
l d (59 60) (2429 1759) 10
l d (59 60) (2433 1755) 9
l d (67 51) (2439 1751) 10
l d (67 51) (2444 1747) 10
l d (67 52) (2449 1743) 10
l d (68 52) (2455 1739) 10
l d (68 52) (2460 1735) 10
l d (68 52) (2465 1731) 10
l d (68 52) (2470 1727) 10
l d (68 52) (2472 1726) 2
l d (76 41) (2478 1722) 10
l d (76 42) (2484 1719) 10
l d (76 42) (2490 1716) 10
l d (76 42) (2496 1713) 10
l d (76 42) (2502 1709) 10
l d (76 43) (2508 1706) 10
l d (77 43) (2512 1704) 7
l d (91 7) (2519 1703) 10
l d (91 7) (2521 1703) 3
l d (79 58) (2528 1707) 10
l d (79 58) (2534 1712) 10
l d (79 57) (2538 1715) 6
l d (64 74) (2543 1721) 10
l d (64 74) (2548 1726) 10
l d (64 74) (2553 1732) 10
l d (65 74) (2558 1738) 10
l d (65 73) (2563 1744) 10
l d (65 73) (2567 1748) 8
l d (61 77) (2572 1754) 10
l d (61 77) (2577 1761) 10
l d (61 77) (2581 1767) 10
l d (61 77) (2586 1773) 10
l d (62 76) (2591 1778) 10
l d (62 76) (2596 1784) 10
l d (62 76) (2601 1790) 10
l d (62 76) (2605 1796) 9
l d (70 69) (2611 1801) 10
l d (70 69) (2616 1807) 10
l d (71 52) (2622 1802) 10
l d (71 52) (2623 1801) 3
l d (12 93) (2622 1794) 10
l d (12 93) (2622 1790) 5
l d (18 93) (2620 1783) 10
l d (18 93) (2619 1776) 10
l d (17 92) (2617 1768) 10
l d (17 92) (2616 1761) 10
l d (16 92) (2615 1754) 10
l d (16 92) (2614 1747) 10
l d (16 92) (2612 1739) 10
l d (15 92) (2611 1732) 10
l d (15 92) (2610 1725) 10
l d (15 92) (2609 1718) 10
l d (14 92) (2608 1711) 10
l d (14 92) (2606 1703) 10
l d (13 92) (2605 1696) 10
l d (13 92) (2604 1689) 9
l d (3 93) (2604 1682) 10
l d (3 93) (2604 1675) 10
l d (3 93) (2604 1668) 10
l d (2 93) (2603 1661) 10
l d (2 93) (2603 1653) 10
l d (2 93) (2603 1653) 0
l d (10 92) (2604 1646) 10
l d (10 92) (2605 1639) 10
l d (10 92) (2606 1631) 10
l d (11 92) (2606 1625) 8
l d (23 90) (2604 1618) 10
l d (22 90) (2603 1613) 7
l d (74 56) (2597 1609) 10
l d (74 56) (2595 1607) 5
l d (92 8) (2587 1606) 10
l d (92 9) (2580 1606) 10
l d (92 9) (2573 1605) 10
l d (92 9) (2570 1605) 3
l d (92 9) (2563 1606) 10
l d (92 9) (2556 1606) 10
l d (92 9) (2549 1607) 10
l d (92 8) (2542 1608) 10
l d (92 8) (2535 1608) 10
l d (92 8) (2530 1609) 6
l d (86 28) (2524 1611) 10
l d (86 28) (2517 1613) 10
l d (86 27) (2510 1615) 10
l d (86 27) (2510 1615) 0
l d (81 39) (2503 1618) 10
l d (81 39) (2497 1622) 10
l d (80 39) (2491 1625) 10
l d (80 39) (2487 1626) 6
l d (73 50) (2481 1630) 10
l d (73 50) (2476 1634) 10
l d (73 49) (2470 1638) 10
l d (73 49) (2464 1642) 10
l d (73 49) (2459 1646) 10
l d (72 49) (2453 1650) 10
l d (72 49) (2447 1653) 10
l d (72 48) (2442 1657) 10
l d (72 48) (2436 1661) 10
l d (72 48) (2436 1661) 0
l d (65 57) (2431 1666) 10
l d (64 57) (2426 1670) 10
l d (64 57) (2421 1674) 10
l d (64 56) (2416 1679) 10
l d (64 56) (2411 1683) 10
l d (64 56) (2406 1688) 10
l d (64 56) (2401 1692) 10
l d (64 56) (2396 1696) 10
l d (64 55) (2391 1701) 10
l d (64 55) (2386 1705) 10
l d (63 55) (2381 1709) 10
l d (63 55) (2377 1712) 6
l d (58 60) (2373 1717) 10
l d (58 60) (2368 1722) 10
l d (58 60) (2364 1726) 10
l d (57 60) (2359 1731) 10
l d (57 60) (2355 1736) 10
l d (57 60) (2350 1740) 10
l d (57 60) (2346 1745) 10
l d (57 60) (2341 1750) 10
l d (57 60) (2337 1755) 10
l d (57 59) (2333 1759) 10
l d (57 59) (2328 1764) 10
l d (56 59) (2324 1768) 10
l d (56 59) (2319 1773) 10
l d (56 59) (2315 1778) 10
l d (56 59) (2313 1779) 4
l d (50 65) (2309 1784) 10
l d (50 65) (2309 1785) 1
l d (77 78) (2303 1779) 10
l d (77 78) (2297 1773) 10
l d (76 78) (2291 1767) 10
l d (76 79) (2285 1761) 10
l d (76 79) (2279 1754) 10
l d (76 79) (2273 1748) 10
l d (76 79) (2267 1742) 10
l d (75 79) (2261 1736) 10
l d (75 79) (2255 1730) 10
l d (75 79) (2249 1723) 10
l d (75 80) (2244 1717) 10
l d (75 80) (2238 1711) 10
l d (74 80) (2232 1705) 10
l d (74 80) (2226 1698) 10
l d (74 80) (2220 1692) 10
l d (74 80) (2215 1686) 10
l d (73 80) (2209 1680) 10
l d (73 81) (2203 1673) 10
l d (73 81) (2197 1667) 10
l d (73 81) (2192 1661) 10
l d (72 81) (2186 1654) 10
l d (72 81) (2180 1648) 10
l d (72 81) (2180 1647) 1
l d (69 84) (2174 1641) 10
l d (69 84) (2169 1634) 10
l d (68 84) (2164 1628) 10
l d (68 84) (2158 1621) 10
l d (68 84) (2153 1615) 10
l d (67 84) (2148 1608) 10
l d (67 84) (2142 1602) 10
l d (67 84) (2137 1595) 10
l d (67 84) (2132 1588) 10
l d (66 84) (2127 1582) 10
l d (66 84) (2122 1575) 10
l d (66 84) (2116 1569) 10
l d (65 85) (2111 1562) 10
l d (65 85) (2106 1555) 10
l d (65 85) (2101 1549) 10
l d (65 85) (2096 1542) 10
l d (64 85) (2091 1536) 10
l d (64 85) (2086 1529) 10
l d (64 85) (2081 1522) 10
l d (63 85) (2076 1516) 10
l d (63 85) (2071 1509) 10
l d (63 85) (2066 1502) 10
l d (62 85) (2061 1496) 10
l d (62 85) (2056 1489) 10
l d (62 85) (2052 1482) 10
l d (61 85) (2047 1476) 10
l d (61 85) (2047 1475) 0
l d (60 86) (2042 1469) 10
l d (59 86) (2037 1462) 10
l d (59 86) (2033 1455) 10
l d (59 86) (2028 1448) 10
l d (58 86) (2023 1442) 10
l d (58 86) (2019 1435) 10
l d (58 87) (2014 1428) 10
l d (57 87) (2010 1421) 10
l d (57 87) (2005 1414) 10
l d (56 87) (2001 1408) 10
l d (56 87) (1999 1404) 5
l d (67 81) (1993 1398) 10
l d (67 81) (1988 1391) 10
l d (67 81) (1983 1386) 9
l d (91 52) (1976 1381) 10
l d (91 52) (1970 1378) 9
l d (91 11) (1962 1379) 10
l d (91 11) (1962 1379) 1
l d (66 52) (1957 1383) 10
l d (66 52) (1956 1383) 1
l d (24 83) (1954 1390) 10
l d (24 83) (1952 1396) 10
l d (23 83) (1950 1403) 10
l d (23 83) (1950 1404) 2
l d (6 92) (1950 1411) 10
l d (6 92) (1951 1419) 10
l d (6 93) (1951 1426) 10
l d (7 93) (1952 1433) 10
l d (7 93) (1952 1440) 10
l d (8 93) (1953 1448) 10
l d (8 93) (1953 1449) 2
l d (27 95) (1955 1457) 10
l d (27 95) (1957 1464) 10
l d (28 95) (1959 1472) 10
l d (28 95) (1962 1479) 10
l d (29 95) (1964 1487) 10
l d (29 95) (1965 1489) 3
l d (53 92) (1969 1496) 10
l d (53 92) (1973 1503) 10
l d (54 92) (1977 1510) 10
l d (54 93) (1981 1518) 10
l d (54 93) (1984 1522) 6
l d (78 80) (1990 1528) 10
l d (79 79) (1996 1534) 10
l d (79 79) (2002 1540) 10
l d (79 79) (2008 1547) 10
l d (79 79) (2010 1548) 3
l d (77 81) (2016 1555) 10
l d (77 81) (2022 1561) 10
l d (77 81) (2028 1567) 10
l d (77 81) (2034 1574) 10
l d (78 81) (2040 1580) 10
l d (78 80) (2046 1586) 10
l d (78 80) (2052 1593) 10
l d (78 80) (2058 1599) 10
l d (78 80) (2065 1605) 10
l d (79 80) (2071 1611) 10
l d (79 80) (2077 1618) 10
l d (79 80) (2083 1624) 10
l d (79 79) (2089 1630) 10
l d (79 79) (2095 1636) 10
l d (80 79) (2102 1643) 10
l d (80 79) (2108 1649) 10
l d (80 79) (2114 1655) 10
l d (80 79) (2120 1661) 10
l d (80 78) (2127 1667) 10
l d (81 78) (2133 1673) 10
l d (81 78) (2139 1679) 10
l d (81 78) (2146 1686) 10
l d (81 78) (2152 1692) 10
l d (81 78) (2158 1698) 10
l d (81 77) (2165 1704) 10
l d (82 77) (2171 1710) 10
l d (82 77) (2177 1716) 10
l d (82 77) (2184 1722) 10
l d (82 77) (2190 1728) 10
l d (82 76) (2197 1734) 10
l d (82 76) (2203 1740) 10
l d (83 76) (2210 1746) 10
l d (83 76) (2216 1752) 10
l d (83 76) (2223 1758) 10
l d (83 75) (2229 1764) 10
l d (83 75) (2236 1769) 10
l d (83 75) (2242 1775) 10
l d (83 75) (2249 1781) 10
l d (84 75) (2255 1787) 10
l d (84 74) (2262 1793) 10
l d (84 74) (2268 1799) 10
l d (84 74) (2275 1804) 10
l d (84 74) (2281 1810) 10
l d (84 73) (2287 1815) 8
l d (29 79) (2285 1821) 10
l d (29 79) (2282 1827) 10
l d (28 79) (2280 1834) 10
l d (28 79) (2280 1835) 2
l d (12 96) (2281 1843) 10
l d (12 96) (2282 1850) 10
l d (13 96) (2283 1858) 10
l d (13 96) (2283 1859) 2
l d (99 33) (2275 1856) 10
l d (99 34) (2267 1854) 10
l d (99 34) (2260 1851) 10
l d (99 35) (2252 1848) 10
l d (99 35) (2244 1846) 10
l d (100 36) (2236 1843) 10
l d (100 36) (2228 1840) 10
l d (100 37) (2221 1837) 10
l d (100 37) (2213 1835) 9
l d (100 43) (2206 1831) 10
l d (100 43) (2198 1828) 10
l d (100 44) (2190 1824) 10
l d (101 44) (2182 1821) 10
l d (101 45) (2174 1818) 10
l d (101 45) (2166 1814) 10
l d (101 46) (2158 1810) 10
l d (101 46) (2155 1809) 4
l d (100 53) (2148 1805) 10
l d (100 54) (2140 1801) 10
l d (100 54) (2132 1797) 10
l d (101 54) (2124 1792) 10
l d (101 55) (2116 1788) 10
l d (101 55) (2110 1785) 7
l d (97 67) (2103 1780) 10
l d (97 67) (2095 1774) 10
l d (97 67) (2088 1769) 10
l d (97 68) (2080 1764) 10
l d (97 68) (2079 1763) 2
l d (99 64) (2071 1758) 10
l d (99 64) (2068 1756) 3
l d (103 33) (2060 1754) 10
l d (103 33) (2060 1754) 0
l d (67 43) (2055 1757) 10
l d (68 43) (2049 1760) 10
l d (24 80) (2048 1766) 10
l d (24 80) (2047 1770) 5
l d (13 97) (2048 1777) 10
l d (14 97) (2049 1785) 10
l d (14 97) (2049 1789) 6
l d (33 102) (2052 1797) 10
l d (34 102) (2055 1805) 10
l d (34 102) (2057 1813) 10
l d (35 102) (2060 1821) 10
l d (36 103) (2063 1829) 10
l d (36 103) (2066 1837) 10
l d (37 103) (2068 1845) 10
l d (37 103) (2071 1853) 10
l d (38 103) (2074 1860) 8
l d (65 103) (2079 1868) 10
l d (65 103) (2084 1876) 10
l d (66 103) (2088 1883) 9
l d (94 86) (2096 1890) 10
l d (94 85) (2103 1896) 10
l d (94 85) (2110 1903) 10
l d (94 85) (2112 1905) 2
l d (100 75) (2120 1911) 10
l d (100 74) (2128 1916) 10
l d (100 74) (2136 1922) 10
l d (100 74) (2144 1928) 10
l d (100 73) (2151 1934) 10
l d (100 73) (2159 1939) 10
l d (100 73) (2167 1945) 10
l d (100 72) (2175 1951) 10
l d (100 72) (2183 1956) 10
l d (100 72) (2191 1962) 10
l d (100 71) (2198 1968) 10
l d (100 71) (2203 1971) 5
l d (99 74) (2211 1977) 10
l d (99 73) (2218 1982) 10
l d (99 73) (2226 1988) 10
l d (99 73) (2234 1994) 10
l d (99 72) (2242 1999) 10
l d (99 72) (2249 2005) 10
l d (99 71) (2257 2011) 10
l d (99 71) (2265 2016) 10
l d (99 71) (2272 2022) 10
l d (99 70) (2280 2027) 10
l d (99 70) (2288 2033) 10
l d (99 70) (2296 2038) 10
l d (99 69) (2303 2044) 10
l d (98 69) (2310 2048) 9
l d (95 77) (2317 2054) 10
l d (95 77) (2325 2060) 10
l d (95 77) (2332 2066) 10
l d (95 76) (2340 2072) 10
l d (95 76) (2347 2078) 10
l d (95 76) (2347 2079) 1
l d (88 86) (2354 2086) 10
l d (88 85) (2361 2092) 10
l d (88 85) (2368 2099) 10
l d (89 85) (2375 2106) 10
l d (89 85) (2382 2112) 10
l d (89 84) (2389 2119) 10
l d (89 84) (2396 2125) 10
l d (89 84) (2402 2132) 9
l d (93 78) (2410 2138) 10
l d (93 78) (2413 2141) 5
l d (94 5) (2421 2141) 10
l d (94 5) (2426 2141) 7
l d (21 84) (2428 2135) 10
l d (21 84) (2428 2133) 3
l d (20 101) (2427 2125) 10
l d (20 101) (2425 2117) 10
l d (20 101) (2424 2114) 4
l d (41 103) (2421 2106) 10
l d (41 103) (2418 2098) 10
l d (40 103) (2415 2090) 9
l d (64 98) (2410 2083) 10
l d (64 98) (2405 2075) 10
l d (64 98) (2403 2072) 4
l d (82 87) (2396 2065) 10
l d (82 87) (2390 2058) 10
l d (82 87) (2387 2055) 4
l d (93 71) (2380 2050) 10
l d (93 71) (2373 2044) 10
l d (93 72) (2368 2041) 6
l d (99 56) (2360 2036) 10
l d (99 56) (2352 2032) 10
l d (99 56) (2345 2028) 9
l d (98 63) (2337 2023) 10
l d (98 63) (2330 2018) 10
l d (98 63) (2322 2013) 10
l d (98 64) (2314 2008) 10
l d (98 64) (2307 2003) 10
l d (98 64) (2299 1998) 10
l d (98 65) (2291 1993) 10
l d (98 65) (2284 1988) 10
l d (98 66) (2276 1983) 10
l d (98 66) (2268 1978) 10
l d (98 66) (2261 1972) 10
l d (98 67) (2253 1967) 10
l d (98 67) (2245 1962) 10
l d (98 68) (2238 1957) 10
l d (99 68) (2230 1951) 10
l d (99 68) (2222 1946) 10
l d (99 69) (2214 1941) 10
l d (99 69) (2207 1935) 10
l d (99 69) (2202 1932) 6
l d (95 77) (2194 1926) 10
l d (95 77) (2187 1920) 10
l d (95 78) (2179 1914) 10
l d (95 78) (2172 1908) 10
l d (95 78) (2164 1901) 10
l d (95 78) (2163 1900) 2
l d (81 92) (2157 1893) 10
l d (81 93) (2150 1886) 10
l d (81 93) (2147 1882) 5
l d (5 95) (2146 1874) 10
l d (4 95) (2146 1869) 6
l d (66 44) (2151 1866) 10
l d (66 44) (2155 1864) 7
l d (99 16) (2162 1865) 10
l d (99 15) (2170 1866) 10
l d (99 15) (2178 1867) 10
l d (98 14) (2186 1868) 10
l d (98 14) (2193 1870) 10
l d (98 13) (2201 1871) 10
l d (98 13) (2209 1872) 10
l d (97 12) (2216 1873) 10
l d (97 12) (2224 1874) 10
l d (97 12) (2231 1875) 10
l d (97 11) (2239 1875) 10
l d (96 11) (2246 1876) 10
l d (96 10) (2254 1877) 10
l d (96 10) (2261 1878) 10
l d (96 9) (2269 1879) 10
l d (95 9) (2276 1879) 10
l d (95 8) (2284 1880) 10
l d (95 8) (2291 1881) 10
l d (39 99) (2294 1888) 10
l d (39 99) (2297 1896) 10
l d (40 99) (2301 1904) 10
l d (40 100) (2304 1912) 10
l d (41 100) (2307 1920) 10
l d (41 100) (2310 1927) 10
l d (41 100) (2311 1931) 4
l d (56 98) (2316 1938) 10
l d (56 98) (2320 1946) 10
l d (57 98) (2325 1953) 10
l d (57 98) (2328 1960) 8
l d (96 59) (2336 1964) 10
l d (96 59) (2338 1966) 3
l d (69 42) (2343 1963) 10
l d (69 42) (2349 1959) 10
l d (69 42) (2350 1958) 2
l d (21 83) (2352 1952) 10
l d (21 83) (2353 1945) 10
l d (22 83) (2354 1943) 4
l d (23 99) (2352 1935) 10
l d (23 98) (2351 1927) 10
l d (22 98) (2349 1919) 10
l d (22 98) (2349 1918) 1
l d (17 97) (2347 1911) 10
l d (16 97) (2346 1903) 10
l d (16 97) (2345 1895) 10
l d (16 97) (2344 1891) 6
l d (9 89) (2345 1884) 10
l d (10 89) (2345 1877) 10
l d (10 89) (2346 1870) 10
l d (10 89) (2346 1868) 2
l d (83 74) (2353 1874) 10
l d (83 74) (2359 1880) 10
l d (83 74) (2366 1886) 10
l d (83 74) (2372 1892) 10
l d (83 73) (2379 1897) 10
l d (84 73) (2385 1903) 10
l d (84 73) (2392 1909) 10
l d (84 73) (2398 1915) 10
l d (84 72) (2405 1920) 10
l d (84 72) (2412 1926) 10
l d (84 72) (2418 1931) 10
l d (84 72) (2425 1937) 10
l d (84 71) (2431 1943) 10
l d (84 71) (2438 1948) 10
l d (85 71) (2444 1954) 10
l d (85 71) (2451 1959) 10
l d (85 70) (2458 1965) 10
l d (85 70) (2464 1970) 10
l d (85 70) (2471 1976) 10
l d (85 69) (2478 1981) 10
l d (85 69) (2484 1987) 10
l d (85 69) (2491 1992) 10
l d (85 69) (2498 1998) 10
l d (85 68) (2504 2003) 10
l d (85 68) (2511 2008) 10
l d (86 68) (2518 2014) 10
l d (86 68) (2524 2019) 10
l d (86 67) (2531 2024) 10
l d (86 67) (2538 2029) 10
l d (86 67) (2544 2035) 10
l d (86 66) (2551 2040) 10
l d (86 66) (2558 2045) 10
l d (86 66) (2559 2046) 1
m u (3 3) (2559 2046) 10
m u (3 3) (2559 2046) 10
m u (80 28) (2552 2048) 10
m u (80 27) (2546 2050) 10
m u (80 27) (2540 2052) 10
m u (80 27) (2534 2054) 10
m u (80 26) (2527 2056) 10
m u (80 26) (2521 2058) 10
m u (80 26) (2515 2060) 10
m u (80 25) (2509 2062) 10
m u (80 25) (2502 2064) 10
m u (80 25) (2496 2066) 10
m u (81 25) (2490 2068) 10
m u (81 24) (2483 2070) 10
m u (81 24) (2477 2072) 10
m u (81 24) (2471 2074) 10
m u (81 23) (2464 2076) 10
m u (81 23) (2458 2078) 10
m u (81 23) (2452 2079) 10
m u (81 22) (2445 2081) 10
m u (81 22) (2439 2083) 10
m u (82 22) (2433 2085) 10
m u (82 21) (2426 2086) 10
m u (82 21) (2420 2088) 10
m u (82 21) (2414 2090) 10
m u (82 20) (2407 2091) 10
m u (82 20) (2401 2093) 10
m u (82 20) (2394 2094) 10
m u (83 19) (2388 2096) 10
m u (83 19) (2381 2097) 10
m u (83 19) (2375 2099) 10
m u (83 18) (2368 2100) 10
m u (83 18) (2362 2102) 10
m u (83 18) (2355 2103) 10
m u (84 17) (2349 2105) 10
m u (84 17) (2342 2106) 10
m u (84 17) (2336 2107) 10
m u (84 16) (2329 2109) 10
m u (84 16) (2323 2110) 10
m u (85 16) (2316 2111) 10
m u (85 15) (2309 2112) 10
m u (85 15) (2303 2113) 10
m u (85 14) (2296 2115) 10
m u (85 14) (2289 2116) 10
m u (86 14) (2283 2117) 10
m u (86 13) (2276 2118) 10
m u (86 13) (2269 2119) 10
m u (86 13) (2262 2120) 10
m u (87 12) (2256 2121) 10
m u (87 12) (2249 2122) 10
m u (87 11) (2242 2123) 10
m u (87 11) (2235 2124) 10
m u (88 11) (2228 2124) 10
m u (88 10) (2222 2125) 10
m u (88 10) (2215 2126) 10
m u (89 9) (2208 2127) 10
m u (89 9) (2201 2128) 10
m u (89 8) (2194 2128) 10
m u (89 8) (2187 2129) 10
m u (90 8) (2180 2130) 10
m u (90 7) (2173 2130) 10
m u (90 7) (2166 2131) 10
m u (91 6) (2159 2131) 10
m u (91 6) (2152 2132) 10
m u (91 5) (2144 2132) 10
m u (92 5) (2137 2133) 10
m u (92 4) (2130 2133) 10
m u (93 4) (2123 2133) 10
m u (93 4) (2116 2134) 10
m u (93 3) (2108 2134) 10
m u (94 3) (2101 2134) 10
m u (94 2) (2094 2134) 10
m u (95 2) (2086 2134) 10
m u (95 3) (2079 2135) 10
m u (95 3) (2071 2135) 10
m u (96 3) (2064 2135) 10
m u (96 3) (2056 2135) 10
m u (97 3) (2049 2135) 10
m u (97 3) (2041 2135) 10
m u (98 2) (2034 2134) 9
m d (3 3) (2034 2134) 10
l d (3 3) (2034 2134) 10
m u (3 3) (2034 2134) 10
m u (3 3) (2034 2134) 10
m u (53 55) (2038 2130) 10
m u (53 55) (2042 2126) 10
m u (53 55) (2046 2122) 10
m u (53 55) (2051 2117) 10
m u (53 55) (2055 2113) 10
m u (53 55) (2059 2109) 10
m u (53 55) (2063 2104) 10
m u (53 55) (2067 2100) 10
m u (53 55) (2071 2096) 10
m u (53 55) (2076 2091) 10
m u (53 55) (2080 2087) 10
m u (53 55) (2084 2083) 10
m u (53 55) (2088 2079) 10
m u (53 55) (2092 2074) 10
m u (53 55) (2096 2070) 10
m u (53 55) (2101 2066) 10
m u (53 55) (2105 2061) 10
m u (53 55) (2109 2057) 10
m u (53 55) (2113 2053) 10
m u (53 55) (2117 2048) 10
m u (53 55) (2121 2044) 10
m u (53 55) (2126 2040) 10
m u (53 55) (2130 2036) 10
m u (54 55) (2134 2031) 10
m u (54 55) (2138 2027) 10
m u (54 55) (2142 2023) 10
m u (54 55) (2147 2018) 10
m u (54 55) (2151 2014) 10
m u (54 55) (2155 2010) 10
m u (54 55) (2159 2005) 10
m u (54 55) (2163 2001) 10
m u (54 55) (2168 1997) 10
m u (54 55) (2172 1992) 10
m u (54 55) (2176 1988) 10
m u (54 55) (2180 1984) 10
m u (54 55) (2185 1979) 10
m u (54 55) (2189 1975) 10
m u (54 55) (2193 1971) 10
m u (54 56) (2197 1966) 10
m u (54 56) (2202 1962) 10
m u (54 56) (2206 1958) 10
m u (54 56) (2210 1953) 10
m u (54 56) (2214 1949) 10
m u (55 56) (2219 1945) 10
m u (55 56) (2223 1940) 10
m u (55 56) (2227 1936) 10
m u (55 56) (2231 1931) 10
m u (55 56) (2236 1927) 10
m u (55 56) (2240 1923) 10
m u (55 56) (2244 1918) 10
m u (55 56) (2249 1914) 10
m u (55 56) (2253 1909) 10
m u (55 56) (2257 1905) 10
m u (55 56) (2262 1901) 10
m u (55 56) (2266 1896) 10
m u (55 57) (2270 1892) 10
m u (56 57) (2275 1887) 10
m u (56 57) (2279 1883) 10
m u (56 57) (2283 1879) 10
m u (56 57) (2288 1874) 10
m u (56 57) (2292 1870) 10
m u (56 57) (2296 1865) 10
m u (56 57) (2301 1861) 10
m u (56 57) (2305 1856) 10
m u (56 57) (2310 1852) 10
m u (56 57) (2314 1847) 10
m u (56 57) (2318 1843) 10
m u (57 58) (2323 1838) 10
m u (57 58) (2327 1834) 10
m u (57 58) (2332 1829) 10
m u (57 58) (2332 1829) 1
m d (3 3) (2332 1829) 10
l d (3 3) (2332 1829) 10
m u (3 3) (2332 1829) 10
